3452911 26970530
19045596 26970530
26970530 85450354
10198372 26970530
14059639 26970530
14509478 26970530
1498181 26970530
1554031 26970530
18246193 26970530
14344469 26970530
765548 26970530
18805477 26970530
14358390 26970530
7805542 26970530
14346186 26970530
26970530 33632713
26970530 57919572
16061930 26970530
26970530 73495355
15166546 26970530
26970530 27181748
13886402 26970530
6972722 26970530
18367054 26970530
7542902 26970530
26970530 28835645
26970530 58802477
17853549 26970530
16134540 26970530
19041500 26970530
16621333 26970530
15736597 26970530
15260300 26970530
26970530 36636132
4322401 26970530
26970530 54780669
26970530 53382919
25246808 26970530
9084632 26970530
12686382 26970530
26970530 39185317
25285429 26970530
14813320 26970530
26970530 28310606
26970530 31727532
26970530 33838201
19388771 26970530
13377222 26970530
18093032 26970530
19634001 26970530
8827392 26970530
26970530 26991817
15131502 26970530
17701072 26970530
19644523 26970530
17726463 26970530
24284989 26970530
3116191 26970530
7030512 26970530
22992877 26970530
7464942 26970530
18889369 26970530
6166562 26970530
7815932 26970530
14838149 26970530
22601314 26970530
17062314 26970530
3116191 3191321
676573 3116191
3116191 5877822
780561 3116191
11294 3116191
3116191 9462972
616163 3116191
3116191 14561327
3116191 6106092
4322401 23353729
4322401 84249933
4322401 30440025
4322401 11238002
4322401 19880720
4322401 69429616
56153 4322401
4322401 16688990
4322401 17259695
4322401 9221262
4322401 19005990
4322401 19266975
4322401 16820809
1991571 4322401
4322401 27844826
4322401 15275359
4322401 12043722
4322401 16008882
4322401 14949420
4322401 61659531
4322401 17874544
4322401 5944062
4322401 44811702
4322401 7607132
4322401 14989497
13721 4322401
4322401 15304145
4322401 30315557
4322401 17003765
4322401 33838201
4322401 31925790
4322401 43901113
4322401 15262515
4322401 13847202
4322401 11933742
4322401 40827044
4322401 18278474
4322401 8868832
4322401 14903372
4322401 17768845
4322401 34258311
4322401 16926439
4322401 16662343
4322401 26970530
4322401 14579124
4322401 17171519
4322401 15185992
4322401 14565210
4322401 14761795
4322401 15348827
4322401 25246808
4322401 14318660
4322401 14115690
4322401 38545270
4322401 16218084
2753261 4322401
4322401 18662733
4322401 21258472
4322401 6688482
4322401 36379785
4322401 13283832
4322401 47240742
4322401 20948715
4322401 15488736
4322401 16321579
4322401 19539314
4322401 25933353
4322401 42377066
4322401 41742701
4322401 13170682
4322401 14459284
4322401 16923632
4322401 23554196
4322401 16051268
4322401 16111612
4322401 19171714
4322401 21998448
4322401 37575697
4322401 8074932
4322401 16319493
4322401 16876339
4322401 34033927
4322401 14281083
4322401 14175062
4322401 15347875
4322401 15349727
4322401 14521497
4322401 14404427
4322401 29178075
4322401 16306821
4322401 26973737
4322401 8197562
4322401 7773282
4322401 20632846
4322401 12429382
13567 4322401
811290 4322401
816841 4322401
4322401 24818138
4322401 21570727
4322401 14262015
4322401 13231162
4322401 16641454
4322401 24830647
4322401 23691563
4322401 29918764
4322401 16481781
4322401 14382579
4322401 15928975
4322401 14117920
4322401 11879272
12 4322401
4322401 15743570
4322401 11655512
804204 4322401
4322401 29391712
4322401 5668002
4322401 8010392
4322401 16915572
4322401 15819946
4322401 24979697
4322401 8868052
4322401 28062483
4322401 25230354
4322401 14865478
4322401 5804852
4322401 17437733
4322401 7368792
4322401 6885932
4322401 25235903
4322401 14392173
4322401 14046632
4322401 6225252
4322401 25285429
4322401 17765045
949521 4322401
4322401 18362944
4322401 10480592
4322401 19012040
4322401 13499752
4322401 19634001
4322401 18498684
4322401 14681605
4322401 24088501
4322401 9131212
4322401 14112083
4322401 18184685
4322401 17790330
4322401 14220828
4322401 18263977
4322401 19048014
4322401 14360986
4322401 14953416
4322401 17701072
4322401 18819250
4322401 17692281
4322401 16728918
4322401 6304632
4322401 5832482
4322401 16913612
4322401 6727372
4322401 8504952
4322401 15324154
4322401 14248699
4322401 19364453
4322401 16289312
4322401 20145891
4322401 20122818
4322401 19745691
4322401 16774752
4322401 17037287
4322401 10478712
858051 4322401
4322401 9953912
4322401 18857624
4322401 14348594
4322401 15393582
4322401 17887010
4322401 16509110
4322401 14558063
56873 4322401
736483 4322401
4322401 17455881
4322401 12589972
4322401 14711172
972651 4322401
4322401 17937485
4322401 7090232
4322401 16816510
4322401 6166562
4322401 15021099
4322401 19010071
4322401 14722140
4322401 11922692
4322401 5417132
790000 4322401
4322401 15125371
4322401 17614360
4322401 5388702
4322401 17180384
2172 4322401
4322401 17229007
4322401 18889369
2778231 4322401
4322401 18604698
4322401 17726463
4322401 18354372
4322401 5656402
4322401 16950740
4322401 5657832
4322401 18470281
4322401 18319587
4322401 16168519
1140551 4322401
4322401 4641021
749333 4322401
24113 4322401
1186 4322401
3684431 4322401
4322401 18060929
22363 4322401
754511 4322401
13167 4322401
1143031 4322401
763803 4322401
4322401 13752782
4322401 10196572
4322401 16976682
4322401 9326402
4322401 15887057
4322401 17603477
4322401 18093032
4322401 16040992
4322401 17960691
4322401 17534891
4322401 12001362
4322401 15773853
4322401 14159955
755189 4322401
4322401 9171182
4322401 15836745
69393 4322401
4322401 8869782
4322401 6178152
111483 4322401
15133 4322401
4322401 14606662
4322401 16049723
4322401 14989502
4322401 10897512
4322401 8398442
4322401 12021112
4322401 9561522
4322401 16816576
4322401 16997146
4322401 15121586
4322401 14737705
4322401 7466612
4322401 7909992
34163 4322401
22253 4322401
29733 4322401
800364 4322401
4322401 6251532
1293 4322401
1192 4322401
99843 4322401
774096 4322401
4322401 15439395
4322401 13377222
4322401 15815569
3652891 4322401
4322401 16431764
4322401 14684447
4322401 15558463
4322401 15336453
4322401 15794195
4322401 16362036
734493 4322401
4322401 14501351
4322401 12141212
4322401 15165502
4322401 15165493
4322401 14693823
10750 4322401
4322401 16230251
4322401 15120940
12491 4322401
635543 4322401
3099501 4322401
1734381 4322401
771662 4322401
4322401 16340233
2930931 4322401
4322401 7753022
4322401 14360048
4322401 7092172
4322401 14168247
414 4322401
4322401 14288386
6880 4322401
4322401 7815932
633273 4322401
4322401 4924331
4322401 14881367
658033 4322401
816504 4322401
4322401 14468487
4322401 14791871
4322401 14314243
4322401 10317232
4322401 9560852
4322401 6579842
4322401 14783646
4322401 14191330
4322401 14234231
749863 4322401
4322401 14232327
1335641 4322401
4322401 5052591
2373551 4322401
4322401 10115142
4322401 9547792
4322401 12671772
3840 4322401
4322401 9238312
4322401 7805542
4322401 5257951
5827 4322401
4322401 12662472
428333 4322401
4322401 9720292
4322401 7546792
4322401 8354672
2165301 4322401
4322401 6463372
657863 4322401
10350 4322401
909741 4322401
1701331 4322401
675563 4322401
3829151 4322401
3976021 4322401
10692 4322401
621653 4322401
4322401 9696532
4322401 7065032
4322401 6098942
4322401 7753492
4322401 7919902
809866 4322401
767396 4322401
13 4322401
816653 4322401
6166562 17361777
6166562 28069434
6166562 14377870
6166562 60642052
6166562 6958942
6166562 17891097
6166562 14162832
6166562 13418852
6166562 15736190
6166562 14803550
6166562 66896807
6166562 76307358
2930931 6166562
6166562 36494322
6166562 11871952
5388702 6166562
6166562 7726092
6166562 57370198
6166562 17479412
6166562 18822696
6166562 51367745
6166562 40216754
6166562 12021112
6166562 40819256
6166562 19968956
6166562 44055059
6166562 65839458
6166562 27411363
6166562 15276927
6166562 14900275
6166562 17840393
6166562 16472501
6166562 12982472
6166562 19735791
6166562 19045596
6166562 19734785
6166562 17554415
6166562 35078981
6166562 13024112
6166562 58034341
6166562 9162532
6166562 6191682
6166562 18187347
6166562 55573320
6166562 15330403
6166562 15395022
6166562 14318660
6166562 17513500
6166562 6883712
6166562 20466080
6166562 57919572
6166562 17093617
6166562 60039837
6166562 29937112
6166562 17259695
6166562 46271213
6166562 8504952
6166562 17927820
6166562 14482752
6166562 43704635
6166562 18624131
6166562 16665918
6166562 14756939
6166562 15185992
6166562 41514759
6166562 55379915
6166562 23500352
6166562 14521831
6166562 19035653
6166562 42593811
6166562 12314012
6166562 18622159
6166562 15773853
4128391 6166562
11237 6166562
6166562 14431882
6166562 12114542
6166562 16665197
6166562 12381352
6166562 18787342
6166562 16903992
6166562 40168921
6166562 14392173
6166562 25246808
6166562 12043722
6166562 19634001
6166562 9980812
6166562 10230812
10718 6166562
763803 6166562
6166562 46817875
6166562 19206111
6166562 14255081
1187621 6166562
6166562 42469463
6166562 23722152
6166562 17798995
6166562 31727532
6166562 37575697
6166562 30392390
699013 6166562
6166562 38416408
6166562 12621452
6166562 26149548
6166562 19024038
6166562 17437733
6166562 29588794
6166562 19305362
6166562 20663401
6166562 19637701
6166562 19663516
6166562 14550388
4291171 6166562
6166562 6186692
6166562 14798005
6166562 14116283
6166562 17299037
6166562 23166140
6166562 16894766
6166562 20467069
6166562 15738949
6166562 18191664
6166562 14063559
6166562 15942137
6166562 7082702
6166562 18044341
6166562 14439858
992471 6166562
6166562 19043789
6166562 15450986
6166562 15736597
6166562 29391712
6166562 18498684
6166562 20668198
6166562 16728918
6166562 24176306
6166562 27822561
6166562 27181748
6166562 26970530
6166562 11069462
2753261 6166562
6166562 13499752
6166562 15046404
6166562 25979643
6166562 25238616
6166562 9533592
6166562 14077095
6166562 21829102
6166562 22375745
6166562 24503970
6166562 23674788
6166562 17906431
6166562 7092172
6166562 15002556
6166562 15716607
6166562 14565210
6166562 16944751
6166562 14369364
6166562 15324339
616973 6166562
6166562 20557462
6166562 22344463
6166562 14684095
6166562 16395502
5832482 6166562
6166562 6304632
6166562 16727221
6166562 16453601
6166562 19644523
6166562 14956877
6166562 14232327
6166562 7030512
6166562 8931202
75413 6166562
36493 6166562
16693 6166562
771662 6166562
2514731 6166562
1611381 6166562
6166562 14271877
5999522 6166562
6166562 13334762
3116191 6166562
6166562 14592505
6166562 9885102
6166562 18354372
4322401 6166562
6166562 18093032
6166562 14964163
6166562 7813142
6166562 9254052
782218 6166562
99843 6166562
10706 6166562
5523 6166562
6166562 15077288
674233 6166562
6972722 14886375
6972722 19542974
6972722 54573975
6972722 32244771
5474592 6972722
6972722 27471093
6972722 46301069
6972722 25675983
6972722 31142666
2334251 6972722
6972722 20568394
6972722 18223590
6972722 28621095
6972722 40921208
6972722 37806307
6972722 8962882
6972722 30924302
6972722 15960913
6972722 27985216
632023 6972722
2378601 6972722
6972722 15049883
6972722 14174107
6972722 12143522
6972722 18558349
6972722 23129237
6972722 18174024
6972722 24818789
6972722 8620452
2696831 6972722
6972722 15166546
6972722 16959443
6972722 21968160
6972722 20468047
6972722 21614024
6972722 21941421
19483 6972722
6972722 10483202
6972722 14448188
12708 6972722
681813 6972722
6972722 11340982
30923 6972722
6972722 20809219
6972722 20353971
57 6972722
6155892 6972722
6972722 8520332
6972722 18828329
6972722 19224439
6972722 19005904
6221182 6972722
6972722 18246193
4411041 6972722
2056651 6972722
6972722 7413762
5052541 6972722
6972722 17299399
6972722 16888315
2511641 6972722
6972722 17405616
6972722 15174809
6972722 17193219
6972722 9128532
2787551 6972722
6972722 16799788
13192 6972722
6972722 9128522
6972722 14208458
6815122 6972722
6972722 14054786
1023011 6972722
6972722 15124802
957731 6972722
1883231 6972722
6348002 6972722
605643 6972722
82363 6972722
6972722 7157722
674643 6972722
6972722 15256381
6972722 11252362
6972722 11069462
6972722 14372001
6972722 14958844
13124 6972722
6972722 14076758
6972722 9972262
1303691 6972722
5284622 6972722
6972722 14309227
2384071 6972722
2333071 6972722
1717291 6972722
6972722 9697732
898691 6972722
802799 6972722
5931872 6972722
6972722 14245811
6972722 10262692
6792792 6972722
6972722 8733822
4557111 6972722
3980 6972722
1246081 6972722
776429 6972722
6140 6972722
6025032 6972722
812984 6972722
768632 6972722
1966 6972722
5814 6972722
822966 6972722
5500632 6972722
1039531 6972722
509 6972722
11882 6972722
6154922 6972722
4030 6972722
6972082 6972722
7030512 33097111
5819322 7030512
7030512 9395832
7030512 15503880
7030512 14228118
13 7030512
666073 7030512
7030512 83422635
1401881 7030512
678953 7030512
7030512 34194450
7030512 18937279
1199081 7030512
7030512 52678856
18713 7030512
7030512 16939148
792690 7030512
7030512 44709792
6116662 7030512
7030512 47598224
7030512 29157984
7030512 33832338
7030512 40177566
20 7030512
7030512 76972977
7030512 10583402
7030512 15184804
7030512 14635845
7030512 15374359
309073 7030512
257 7030512
7030512 25161478
7030512 34889424
7030512 14956877
7030512 10224712
7030512 21473741
7030512 37569927
7030512 34841613
7030512 30808336
7030512 30599514
7030512 30150459
7030512 29588794
7030512 15736597
7030512 29532712
7030512 28275169
7030512 27181748
7030512 26970530
7030512 22465579
7030512 73233873
7030512 72627230
7030512 13886402
7030512 16621333
7030512 25246808
7030512 25803451
7030512 30392390
7030512 31727532
2404341 7030512
3094201 7030512
7030512 39185317
7030512 10069122
7030512 24200121
7030512 17906431
7030512 18787342
7030512 20340589
7030512 15835692
7030512 16942698
7030512 13377222
7030512 15100909
7030512 19047395
7030512 19644523
7030512 14264928
7030512 16665197
7030512 9885102
5493662 7030512
7030512 19278778
7030512 14592505
6166562 7030512
7030512 16891384
7030512 18354372
7030512 14831467
7030512 14206350
7030512 15586369
7030512 14964163
7030512 14439858
7030512 14371726
7030512 19231524
7030512 17726463
7030512 8564322
7030512 17477189
7030512 8361582
7030512 17229188
7030512 13022302
7030512 14876817
7030512 15293316
7030512 14811919
7030512 14468487
7030512 14852725
75413 7030512
36493 7030512
7030512 7464942
7030512 12963012
7464942 12021112
7464942 8074932
7464942 9255502
10706 7464942
5525922 7464942
7464942 14563623
7464942 29588794
2062611 7464942
7464942 21063129
7464942 14687072
7464942 18821039
7464942 16051268
7464942 19711888
7092172 7464942
7464942 15349727
7464942 15125371
7464942 14741000
7464942 13985502
7464942 12043722
6821162 7464942
7464942 69344077
7464942 18301335
7464942 7753022
7464942 84088937
7464942 15373641
7464942 14897925
7464942 19014694
7464942 8046732
7464942 64305226
7464942 15420424
7464942 10756362
7464942 20655736
7464942 8845232
7464942 16664291
7464942 19634001
7464942 40416870
7464942 14933050
7464942 47071455
7464942 14431882
7464942 26482302
7464942 13925952
7464942 33884668
7464942 38387473
7464942 14071527
7464942 17866784
7464942 58057706
7464942 20536157
7464942 29937112
7464942 12314012
6606072 7464942
7464942 14803701
7464942 43245921
7464942 16679010
7464942 18892822
7464942 21253316
7464942 16526545
6300172 7464942
7464942 50981929
7464942 57274757
7464942 14701720
7464942 16621333
7464942 26178081
7464942 10483202
645143 7464942
1187621 7464942
7464942 16319493
7464942 8946792
7464942 9241212
7464942 14812108
4959061 7464942
7464942 39505069
7464942 31626507
7464942 19523239
7464942 13547842
7464942 15094971
7464942 14264928
7464942 18622955
7464942 14393514
7464942 16359502
7464942 22756347
7464942 18520129
7464942 18460932
7464942 26375436
7464942 14756527
7464942 39185317
7464942 21295041
7464942 22465579
7464942 27181748
7464942 31727532
7464942 15002556
7464942 14206350
7464942 19767607
7464942 14184511
7464942 14625411
7464942 17701072
7464942 33184911
7464942 15630518
7464942 17264990
7464942 30808336
7464942 15736597
7464942 15090754
7464942 26970530
7464942 7974522
7464942 14707949
7464942 14444953
7464942 14454642
2165301 7464942
7464942 14439858
7464942 22218266
7464942 7549202
6166562 7464942
2652621 7464942
7464942 7834772
7464942 16556282
7464942 15327499
7464942 11559572
7464942 20215450
7464942 19531045
7464942 14099018
6532552 7464942
7464942 19644523
7464942 14184390
7464942 17194296
7464942 14371726
7464942 14381949
30923 7464942
7464942 16790110
4994591 7464942
7464942 14352328
7464942 14561327
3560241 7464942
7464942 14687218
7464942 13521812
7464942 14054208
6487962 7464942
7464942 14526430
7464942 8931202
7464942 7813492
7464942 13377222
7464942 9989362
7464942 12114542
7464942 16665197
7464942 14456381
7464942 12733362
7464942 14793506
45603 7464942
7464942 17028978
5523 7464942
5444392 7464942
5877822 7464942
7464942 9254052
7464942 14271877
7464942 10678612
10718 7464942
7464942 16891384
7464942 14964163
7464942 7815932
75413 7464942
7464942 14956877
7464942 18659577
7464942 18702513
7464942 14500400
7464942 14592505
7464942 18354372
7464942 18564446
7464942 11038292
5913032 7464942
7464942 14076724
13192 7464942
7464942 10224712
7464942 17437733
7464942 14521831
7464942 14917157
7464942 18207486
7464942 13695272
6186692 7464942
7464942 9885102
3930521 7464942
7464942 7665302
7464942 17726463
6304632 7464942
7464942 17436083
7464942 10209472
7464942 15643685
7464942 8007442
7464942 9346302
7464942 14468487
7464942 14267267
7464942 15039745
7464942 13067552
7464942 8613612
7464942 7813142
7388812 7464942
7464942 7900152
7464942 7799372
1410011 7464942
782218 7464942
2514731 7464942
36493 7464942
7030512 7464942
6689062 7464942
783214 7464942
7542902 62581962
7542902 11263102
7542902 18216806
7542902 48744833
7542902 31186072
7542902 28835645
803694 7542902
7542902 17770856
7542902 25039604
7542902 7741752
7542902 35887893
7542902 39019969
7542902 18219455
7542902 18117460
7542902 19260113
7542902 16134540
7542902 12513592
7542902 17948711
7542902 19762150
7542902 20606714
7542902 18116794
7542902 18944209
7542902 18994407
7542902 19790062
7542902 19760439
20963 7542902
7542902 16407462
7542902 17902016
7542902 16971072
7542902 17811542
7542902 18077270
5569742 7542902
7542902 17791190
7542902 18110433
7542902 17449749
7542902 16727535
7542902 20008688
68153 7542902
7542902 19041500
7542902 16574481
6036712 7542902
5943622 7542902
7542902 12984202
113963 7542902
5763262 7542902
49793 7542902
7542902 15300187
1536811 7542902
7542902 16485096
7542902 12750862
7542902 9081272
7542902 14529770
7542902 9632312
7542902 10183542
7542902 14599150
7542902 17171153
7542902 18055613
5446532 7542902
6067692 7542902
3677041 7542902
783214 7542902
7815932 24914741
6264792 7815932
7815932 14156536
7815932 71199045
7815932 22756347
7815932 62581962
7815932 17701072
7815932 21376969
7815932 16621333
7815932 41714997
7815932 14803701
7815932 25246808
7815932 34758330
7815932 16997146
7815932 45828349
7815932 43245921
7815932 30392390
7815932 16123563
7815932 19767607
6300172 7815932
7815932 14956877
7815932 29649127
7815932 27181748
7815932 27621134
7815932 9131212
7815932 30358977
7815932 29588794
7815932 26970530
7815932 13886402
7815932 16415648
7815932 28763568
7815932 14059639
7815932 27844826
7815932 21287269
7815932 25285429
7815932 22766110
7815932 18622159
7815932 14816103
7815932 14114392
7815932 17684916
7815932 19047395
7815932 21847547
7815932 18816704
7815932 21175552
7815932 20291839
7815932 18787342
7815932 17726463
7815932 14506011
7815932 10224712
7815932 19644523
4128391 7815932
7815932 17534891
7815932 9808812
7815932 14592505
7815932 14439858
7815932 18207486
7815932 19634001
7466612 7815932
7815932 9070452
7815932 14682340
7815932 14964163
7464942 7815932
7815932 18354372
7815932 18627407
7815932 18093032
7815932 17175908
7815932 18062087
7815932 17853549
7815932 14812108
7815932 14473264
7815932 16216452
7815932 16461640
7815932 10756362
7815932 15305207
7815932 16486287
7815932 14271877
7815932 16040992
7815932 15351951
7815932 15336453
3116191 7815932
10706 7815932
10718 7815932
7815932 14431882
7815932 9254052
7815932 14206350
7726092 7815932
643443 7815932
7815932 9989362
4322401 7815932
7815932 13377222
6304632 7815932
7815932 11373222
7815932 14232327
7815932 14136760
1945191 7815932
7815932 14093172
5523 7815932
7815932 9885102
7815932 12114542
7813492 7815932
7815932 11132462
5444392 7815932
7815932 14127880
7815932 8460902
7815932 8931202
2165301 7815932
6579842 7815932
10692 7815932
7815932 8393452
763803 7815932
7815932 7900152
7278472 7815932
7799372 7815932
2514731 7815932
782218 7815932
7813142 7815932
75413 7815932
36493 7815932
8827392 61293223
8827392 9860232
8827392 53725558
8827392 15665604
8827392 10582572
8827392 19254838
8827392 36694810
8827392 31259981
8827392 14812811
8827392 20643704
8827392 18222808
8827392 27272101
8827392 15464038
8827392 21803852
8827392 30033228
8827392 24420035
8827392 15750788
8827392 30076344
8827392 18326252
8827392 28490752
8827392 19581632
8827392 21969892
8827392 22396495
8827392 25216378
8827392 14887399
8827392 17416738
8827392 18650003
8827392 16503217
8827392 15045013
8827392 17394240
8827392 14888686
8827392 13229232
8827392 14112512
8827392 15518629
8827392 16804986
8827392 27469380
8827392 31072294
8827392 19053307
8827392 20613049
8827392 18536826
8827392 26304999
8827392 25082643
8827392 29087288
8827392 15438100
8827392 27219464
8827392 16487447
8827392 18987128
8827392 30619253
8827392 10491732
8827392 28054394
8827392 22095913
8827392 28887538
8827392 15381868
8827392 22598184
8827392 9651272
8827392 22178746
8827392 28325576
8827392 14313531
8827392 17352003
8827392 9295212
8827392 14261168
8827392 27409339
8827392 14154581
8827392 14959496
8827392 18976109
8827392 22072638
3746171 8827392
8827392 14076588
8827392 16493630
8827392 16860550
8827392 14131448
8827392 16248705
8827392 29708086
8827392 23008116
8827392 23383517
8827392 17927769
8827392 21980131
8827392 18530520
8827392 18171035
8827392 28979418
8827392 20825179
7460702 8827392
8827392 20385404
8827392 21743197
8827392 26977069
8827392 28616641
8827392 27233411
8827392 14415928
8827392 18773886
8827392 19755825
8827392 23519997
8827392 14213491
8827392 27911653
8827392 14376012
8827392 24753990
8827392 21567011
8827392 29000346
8827392 15117375
8827392 24722470
8827392 15613727
8827392 15851486
8827392 14414734
8827392 17867513
7490342 8827392
8827392 26612917
8827392 15224565
8827392 24640969
7528292 8827392
8827392 19632867
8827392 15600217
8827392 20806376
8827392 17478436
8827392 20478542
8827392 27390607
8827392 16819278
8827392 18591276
8827392 20730682
8827392 27790493
8827392 21437916
8827392 17850272
8827392 17649027
5653432 8827392
8827392 17831966
8827392 15044502
8827392 16094099
8827392 14431400
8827392 16945769
5417132 8827392
8827392 17800745
8827392 19283710
5336612 8827392
8827392 14429823
8827392 28534316
8071902 8827392
8827392 27440187
8827392 28285696
8827392 9274492
8827392 15021099
8827392 28864985
8827392 10546442
8827392 28464139
8827392 15481843
8827392 15195171
6108862 8827392
8827392 12013802
8827392 20424067
8827392 16438083
8827392 11915432
1734381 8827392
8827392 15854614
8827392 14779327
8827392 14433007
8827392 26970530
8827392 18675144
8827392 14251303
8827392 16454991
8827392 27748729
8827392 10337112
8827392 14959173
8827392 22573622
6801772 8827392
8827392 10667662
8827392 26434322
8827392 18508861
8827392 20840662
8827392 21592216
8827392 14711172
8827392 16333183
8827392 21277815
8827392 15034813
8827392 23588155
8827392 23275133
8827392 24422770
8827392 18467164
8827392 24260621
8827392 24233980
8827392 20508477
8827392 14178988
8827392 22995935
8827392 15674499
8827392 23557395
8827392 12666842
8827392 18791776
8827392 16096448
8827392 18102933
8827392 12820422
8827392 16061242
8827392 18238282
8827392 22947172
2656681 8827392
8827392 15627955
8827392 15250635
8827392 18598931
8827392 16307887
616173 8827392
8827392 17488225
8827392 20608296
7199762 8827392
8827392 15914129
8827392 17770303
8827392 12926542
8827392 19624861
8827392 21568323
8827392 14887344
8827392 13082862
8827392 14413024
8827392 16692771
8827392 18250327
8827392 17883356
8827392 21686339
8827392 22185507
8827392 21625156
8827392 12589972
8827392 15935706
8827392 17945904
8827392 17900421
8827392 15360796
898491 8827392
8827392 14720411
8827392 18087450
8827392 12144232
8827392 14389132
8827392 17850012
804455 8827392
5656402 8827392
8827392 16150075
8827392 16108468
8827392 18794312
8827392 18312906
8827392 16414683
8827392 14357645
8827392 14430060
5210841 8827392
8827392 16899075
7184032 8827392
8827392 19939507
8827392 15494049
8827392 15406200
8827392 17967428
8827392 13657472
8827392 16543751
8827392 15834285
8827392 13516442
8827392 13220032
8827392 15321249
8827392 20566009
8827392 16936723
8827392 20510390
8827392 15022241
8827392 17481210
8827392 20265424
8827392 15808009
8827392 17696275
8827392 14458827
8827392 16555744
8827392 15312973
8827392 15350283
8827392 14470037
8827392 14384647
8827392 19963557
8827392 14800376
8827392 16070929
790383 8827392
8827392 17123271
8827392 17020746
8827392 18168393
8827392 15226433
8827392 13832882
8827392 19240388
8827392 16414719
8827392 18633068
8827392 15494307
8827392 14349867
8827392 15950997
8827392 16452028
8827392 17079113
8827392 15449577
8827392 16027532
8827392 16097312
8695982 8827392
8827392 14390242
8827392 14918203
8827392 15979238
6487502 8827392
8827392 17935958
900191 8827392
8827392 15808647
8827392 14682622
8827392 10668202
8827392 16327441
8827392 18111702
8827392 17736022
8827392 17825445
8827392 17803560
8827392 17097208
3004231 8827392
816653 8827392
7212562 8827392
8827392 13768052
6273552 8827392
8827392 9665232
8827392 14606887
2733051 8827392
8827392 15475776
8827392 15866947
8827392 16717850
8827392 15821034
8827392 17845557
8827392 14104248
8827392 16161177
8827392 17766293
8827392 17498061
8827392 17747917
8827392 17757870
8827392 17293295
8827392 17789278
8827392 16120253
8827392 15772419
8827392 17325631
8827392 17189262
8827392 12185542
8276452 8827392
8827392 15010705
8827392 15804321
8827392 15731822
8827392 15283483
8827392 16704472
8827392 17444194
8827392 16362523
6965322 8827392
8827392 15848274
8827392 17062253
8827392 17236415
5920402 8827392
8827392 11806512
8827392 14686969
8827392 16711989
8827392 17501619
8827392 16092909
8827392 17494470
8827392 14497849
8827392 15631870
8827392 15355746
8827392 14301386
8827392 15690398
8827392 17482073
8827392 17144960
8827392 14998161
8827392 11010892
8827392 17453059
8827392 14463104
8827392 17089169
8827392 16735257
8827392 17429564
8827392 16599600
8827392 17248484
8827392 17258471
8827392 17388780
8827392 17301192
2057421 8827392
8827392 16137597
5611402 8827392
8827392 16712317
8827392 14922067
8827392 9516802
8827392 15032684
8827392 15718401
8827392 17400694
8827392 14842862
8827392 15481268
8827392 16417745
7037702 8827392
8827392 15077831
8827392 17241953
8827392 15509225
8827392 15947185
8827392 14663706
8827392 15821177
785032 8827392
8827392 15666941
5625972 8827392
4855921 8827392
1502111 8827392
8827392 17060024
8827392 17302923
8827392 13904502
8827392 17298895
8827392 16193171
6459182 8827392
1964461 8827392
8827392 17048115
8827392 14194613
8827392 15122801
8827392 15557692
8827392 16917668
8827392 16674070
8827392 15847213
8827392 16633975
8827392 14277725
8827392 16065228
8827392 15776908
8827392 17337311
8827392 9151032
8827392 14829821
8827392 16574981
8827392 17351051
8827392 16197741
8827392 16700766
8827392 16150611
8827392 14332878
8827392 11780102
8827392 14710894
8827392 17381683
8827392 9205082
8827392 17210591
8827392 14616594
7754962 8827392
8827392 17121328
8827392 16458873
7260552 8827392
770099 8827392
8827392 11740902
8827392 15980897
8827392 15939278
8827392 14430578
8827392 14628450
8827392 15660719
8827392 10145312
8827392 15234637
8827392 14863346
813286 8827392
8827392 14729795
8827392 14687461
7300452 8827392
8827392 14104889
7355172 8827392
8613132 8827392
8827392 15488997
8827392 9180602
8827392 15055488
8625702 8827392
8827392 15499709
7846 8827392
8827392 9640752
8827392 14109613
804204 8827392
8827392 14355674
8827392 15403971
8827392 15163258
8827392 9870122
8168122 8827392
1581511 8827392
8827392 14693823
8827392 14758340
8827392 10121732
8827392 14200846
8827392 14775487
8827392 14457590
8827392 14219900
8827392 14697846
8827392 14372568
8827392 14388691
8827392 14814553
8827392 14380347
8827392 14214320
8827392 14602926
8827392 14251459
3108351 8827392
7165192 8827392
7171972 8827392
8827392 14848579
8827392 14763838
8827392 14802609
8827392 12393252
8827392 11639772
8827392 9908482
8827392 9148462
767051 8827392
8827392 14688795
8827392 14270780
8827392 14425994
8827392 14135014
8827392 14737277
8827392 14868315
730573 8827392
8827392 14379361
8827392 14647900
8827392 14741705
8827392 10780372
8827392 14341596
8827392 12263802
8827392 14900835
8827392 14589544
716593 8827392
8827392 11535542
8827392 14381024
8827392 11067082
8827392 14782520
8827392 14136755
6634482 8827392
8827392 14290339
5997662 8827392
8827392 14825367
8827392 9252322
8827392 14373824
1252511 8827392
8827392 9844172
7187792 8827392
8827392 14829868
8827392 14059039
8827392 14436510
8827392 14710369
8827392 14731999
8827392 14150114
8827392 14255745
82553 8827392
6534192 8827392
2055061 8827392
8827392 14376026
1068831 8827392
8827392 14721271
7779602 8827392
8827392 14432483
8827392 14054729
8827392 14200692
8827392 14765448
8827392 9934072
8827392 14352123
8827392 14562786
8827392 14556692
5492952 8827392
3180581 8827392
8827392 14609545
8827392 14377974
8827392 14174392
8827392 14538421
8827392 14572688
8827392 14568189
8827392 14567777
8827392 14542554
8827392 14541141
8827392 14539699
8827392 14539477
8827392 14539395
8827392 14539346
8827392 14539165
8827392 14538971
8827392 14538508
13229 8827392
5536422 8827392
1590261 8827392
